{
 "cells": [
  {
   "cell_type": "code",
   "execution_count": null,
   "id": "572d8f7a-5fac-46e4-8a76-7c1d1ae9b6d4",
   "metadata": {},
   "outputs": [],
   "source": [
    "Python DA Практикум 23"
   ]
  },
  {
   "cell_type": "code",
   "execution_count": 1,
   "id": "1b58d056-57bc-4ff3-88ff-ee8e0f63cb3a",
   "metadata": {},
   "outputs": [],
   "source": [
    "import numpy as np\n",
    "import pandas as pd"
   ]
  },
  {
   "cell_type": "code",
   "execution_count": null,
   "id": "72739b9b-412f-4b16-b778-203b968dcd7b",
   "metadata": {},
   "outputs": [],
   "source": [
    "Задание 1: Создайте numpy-массив из 100 случайных значений. Преобразуйте его в\n",
    "матрицу 10х10. Вычислите определитель этой матрицы и обратную матрицу.\n",
    "Транспонируйте исходную матрицу. Перемножьте двумя способами (поэлементно и\n",
    "матричным умножением) транспонированную матрицу и обратную к исходной.\n",
    "Любую из матриц преобразуйте в датафрейм pandas. Дайте столбцам названия “A”,\n",
    "“B”, “C”... Удалите из этого датафрейма последние две строки."
   ]
  },
  {
   "cell_type": "code",
   "execution_count": 2,
   "id": "d32ea8f4-68f4-4bbd-9dfb-6d166e3e86cf",
   "metadata": {},
   "outputs": [
    {
     "data": {
      "text/plain": [
       "array([0.74268365, 0.74821918, 0.66361391, 0.100257  , 0.47527635,\n",
       "       0.76033768, 0.33688557, 0.65473164, 0.14430614, 0.01532053,\n",
       "       0.92167856, 0.46407936, 0.09719288, 0.49610813, 0.25392862,\n",
       "       0.5606351 , 0.81527389, 0.15096765, 0.9869728 , 0.61964555,\n",
       "       0.13040408, 0.4316067 , 0.51068547, 0.69469876, 0.10576694,\n",
       "       0.52714168, 0.90144017, 0.65483121, 0.43373511, 0.48522702,\n",
       "       0.86679364, 0.97440094, 0.2423633 , 0.9084428 , 0.9501122 ,\n",
       "       0.87388849, 0.69240707, 0.15715043, 0.70005134, 0.27377984,\n",
       "       0.46027526, 0.31824979, 0.08455054, 0.79509509, 0.576686  ,\n",
       "       0.42052051, 0.01627315, 0.89117451, 0.76567199, 0.58697207,\n",
       "       0.02148618, 0.69234698, 0.7304363 , 0.49850087, 0.80467603,\n",
       "       0.51921645, 0.65809166, 0.35914629, 0.63728178, 0.01293182,\n",
       "       0.01092216, 0.68935701, 0.25938755, 0.16854185, 0.69818907,\n",
       "       0.95957723, 0.96362288, 0.48853299, 0.6066176 , 0.81438222,\n",
       "       0.73644906, 0.09153286, 0.22700098, 0.7041364 , 0.6194345 ,\n",
       "       0.98574477, 0.5362924 , 0.79749966, 0.2477586 , 0.2485234 ,\n",
       "       0.38292188, 0.35153032, 0.58943311, 0.02403202, 0.46450631,\n",
       "       0.03711086, 0.75683419, 0.30103098, 0.83806993, 0.54813617,\n",
       "       0.11953025, 0.81523392, 0.36990003, 0.3331478 , 0.99406795,\n",
       "       0.70305359, 0.33329384, 0.91586251, 0.87166586, 0.904969  ])"
      ]
     },
     "execution_count": 2,
     "metadata": {},
     "output_type": "execute_result"
    }
   ],
   "source": [
    "arr = np.random.rand(100)\n",
    "arr"
   ]
  },
  {
   "cell_type": "code",
   "execution_count": 3,
   "id": "36005fcb-76ad-41c4-87c3-3246faf28351",
   "metadata": {},
   "outputs": [
    {
     "data": {
      "text/plain": [
       "array([[0.74268365, 0.74821918, 0.66361391, 0.100257  , 0.47527635,\n",
       "        0.76033768, 0.33688557, 0.65473164, 0.14430614, 0.01532053],\n",
       "       [0.92167856, 0.46407936, 0.09719288, 0.49610813, 0.25392862,\n",
       "        0.5606351 , 0.81527389, 0.15096765, 0.9869728 , 0.61964555],\n",
       "       [0.13040408, 0.4316067 , 0.51068547, 0.69469876, 0.10576694,\n",
       "        0.52714168, 0.90144017, 0.65483121, 0.43373511, 0.48522702],\n",
       "       [0.86679364, 0.97440094, 0.2423633 , 0.9084428 , 0.9501122 ,\n",
       "        0.87388849, 0.69240707, 0.15715043, 0.70005134, 0.27377984],\n",
       "       [0.46027526, 0.31824979, 0.08455054, 0.79509509, 0.576686  ,\n",
       "        0.42052051, 0.01627315, 0.89117451, 0.76567199, 0.58697207],\n",
       "       [0.02148618, 0.69234698, 0.7304363 , 0.49850087, 0.80467603,\n",
       "        0.51921645, 0.65809166, 0.35914629, 0.63728178, 0.01293182],\n",
       "       [0.01092216, 0.68935701, 0.25938755, 0.16854185, 0.69818907,\n",
       "        0.95957723, 0.96362288, 0.48853299, 0.6066176 , 0.81438222],\n",
       "       [0.73644906, 0.09153286, 0.22700098, 0.7041364 , 0.6194345 ,\n",
       "        0.98574477, 0.5362924 , 0.79749966, 0.2477586 , 0.2485234 ],\n",
       "       [0.38292188, 0.35153032, 0.58943311, 0.02403202, 0.46450631,\n",
       "        0.03711086, 0.75683419, 0.30103098, 0.83806993, 0.54813617],\n",
       "       [0.11953025, 0.81523392, 0.36990003, 0.3331478 , 0.99406795,\n",
       "        0.70305359, 0.33329384, 0.91586251, 0.87166586, 0.904969  ]])"
      ]
     },
     "execution_count": 3,
     "metadata": {},
     "output_type": "execute_result"
    }
   ],
   "source": [
    "matrix = arr.reshape(10,10)\n",
    "matrix"
   ]
  },
  {
   "cell_type": "code",
   "execution_count": 6,
   "id": "d1e07c36-45f7-46d0-9580-11b2fbf11f9f",
   "metadata": {},
   "outputs": [
    {
     "data": {
      "text/plain": [
       "array([[  0.42770046,  -0.10269191,  -0.16100583,   0.48066283,\n",
       "          0.08973634,  -0.80267383,  -0.24398191,   0.1853656 ,\n",
       "          0.67115435,  -0.28060768],\n",
       "       [  1.81783395,  -1.95376722,  -0.65211145,   0.9194482 ,\n",
       "          4.43332245,  -0.51928417,   3.80229461,  -2.8213858 ,\n",
       "          0.77306751,  -4.6047096 ],\n",
       "       [ -2.69478529,   4.27242454,   3.25140806,  -0.81619106,\n",
       "        -11.26484634,   0.57142007,  -9.97621338,   4.21996353,\n",
       "         -2.45710371,  12.22910558],\n",
       "       [ -1.36315644,   0.79779307,   1.62873281,   0.57519054,\n",
       "         -2.8496075 ,  -0.0677995 ,  -3.1269252 ,   1.17614118,\n",
       "         -0.91425248,   3.32345076],\n",
       "       [ -0.17893443,  -1.76153776,  -0.98520135,   0.96625688,\n",
       "          1.19770748,  -0.31639148,   1.25482733,   0.15338847,\n",
       "          1.40356899,  -1.34869911],\n",
       "       [ -1.34639303,   3.62169628,   1.01687348,  -1.34793124,\n",
       "         -6.06465266,   1.10277947,  -4.56519423,   2.54495478,\n",
       "         -2.97779615,   6.53632567],\n",
       "       [  1.67932844,  -3.32144965,  -1.5462515 ,   0.7084823 ,\n",
       "          6.9019212 ,  -0.41537593,   6.64590799,  -2.45717691,\n",
       "          2.56806685,  -8.47150444],\n",
       "       [  2.73428643,  -3.67288146,  -2.0990304 ,  -0.06704461,\n",
       "          9.14146995,  -0.23383229,   7.43926785,  -3.16000484,\n",
       "          2.26226838,  -9.50862559],\n",
       "       [  0.26395143,   1.32728151,  -1.14791294,  -1.3518144 ,\n",
       "          1.63985486,   1.64742469,   0.97775277,  -0.70762815,\n",
       "         -0.57659676,  -1.31230133],\n",
       "       [ -2.48815988,   2.51684635,   2.77178568,   0.32488489,\n",
       "         -8.32917282,  -1.34115201,  -6.91419731,   2.99825532,\n",
       "         -1.35245603,   9.47878123]])"
      ]
     },
     "execution_count": 6,
     "metadata": {},
     "output_type": "execute_result"
    }
   ],
   "source": [
    "t_matrix = np.linalg.inv(matrix)\n",
    "t_matrix"
   ]
  },
  {
   "cell_type": "code",
   "execution_count": 7,
   "id": "6818e2a1-99bb-4c0a-8951-0308257c020b",
   "metadata": {},
   "outputs": [
    {
     "name": "stdout",
     "output_type": "stream",
     "text": [
      "0.01612704085760335\n"
     ]
    },
    {
     "data": {
      "text/plain": [
       "np.float64(0.9999999999999973)"
      ]
     },
     "execution_count": 7,
     "metadata": {},
     "output_type": "execute_result"
    }
   ],
   "source": [
    "det = np.linalg.det(matrix)\n",
    "print(det)\n",
    "det_2 = np.linalg.det(t_matrix)\n",
    "det_2\n",
    "det_2 * det"
   ]
  },
  {
   "cell_type": "code",
   "execution_count": 8,
   "id": "5b62b131-7dfb-441c-87e5-cbf0acad80f1",
   "metadata": {},
   "outputs": [
    {
     "data": {
      "text/plain": [
       "array([[ 1.00000000e+00, -5.24344957e-16, -8.55378114e-17,\n",
       "         9.88419606e-17,  1.05200311e-15,  1.56408316e-16,\n",
       "         1.18655176e-15, -5.62344030e-17,  1.06758163e-15,\n",
       "        -5.12898096e-16],\n",
       "       [-5.42450231e-17,  1.00000000e+00,  1.59964394e-16,\n",
       "        -3.68950233e-17,  1.59113702e-16, -7.83466360e-17,\n",
       "        -1.22890843e-16,  5.38494572e-17, -1.30801421e-16,\n",
       "         1.50334710e-16],\n",
       "       [ 2.63257755e-17, -3.09856505e-16,  1.00000000e+00,\n",
       "        -5.89595471e-17, -1.51737925e-16, -1.97186331e-16,\n",
       "         6.39924084e-16, -1.09800041e-16,  4.28585980e-16,\n",
       "        -1.86273055e-15],\n",
       "       [-6.08714007e-16,  9.21680350e-16,  9.73842908e-16,\n",
       "         1.00000000e+00, -2.50366103e-15, -3.04340169e-16,\n",
       "        -1.01645800e-15,  3.02992298e-16, -1.21609025e-15,\n",
       "         1.90978762e-15],\n",
       "       [-1.88997421e-16,  1.42283074e-16,  5.75214401e-16,\n",
       "        -2.12773803e-16,  1.00000000e+00,  2.26706070e-16,\n",
       "         6.77378998e-16, -2.05238363e-16, -1.44207427e-15,\n",
       "        -1.34492483e-15],\n",
       "       [ 3.70138747e-16, -7.97311615e-16,  8.57737807e-17,\n",
       "         2.75343589e-16,  1.56678575e-15,  1.00000000e+00,\n",
       "         1.51328843e-15, -4.44068137e-16,  3.50237747e-16,\n",
       "        -9.07667051e-16],\n",
       "       [ 8.29361718e-16,  7.39772639e-16, -6.68692716e-16,\n",
       "        -3.12509297e-17,  9.23917190e-16, -7.09435510e-17,\n",
       "         1.00000000e+00,  9.21305823e-17,  9.04969640e-16,\n",
       "         3.68611054e-16],\n",
       "       [ 1.17777415e-16, -5.80761780e-17,  1.41657642e-16,\n",
       "        -4.14606972e-17, -9.93707918e-16,  2.84188900e-16,\n",
       "         3.65478776e-17,  1.00000000e+00,  5.28742394e-16,\n",
       "        -6.65168427e-16],\n",
       "       [-2.48684914e-16,  2.73737823e-16,  4.43191217e-16,\n",
       "        -1.24500716e-16, -1.37691801e-15,  9.53133173e-17,\n",
       "         6.00540545e-17,  6.68309279e-16,  1.00000000e+00,\n",
       "         4.30857550e-16],\n",
       "       [-1.92787170e-16,  3.36492270e-16, -2.46997110e-17,\n",
       "        -1.31867740e-16, -5.21013671e-16,  1.05258735e-16,\n",
       "        -2.39180966e-16,  1.87041395e-16, -3.27548225e-16,\n",
       "         1.00000000e+00]])"
      ]
     },
     "execution_count": 8,
     "metadata": {},
     "output_type": "execute_result"
    }
   ],
   "source": [
    "matrix @ t_matrix"
   ]
  },
  {
   "cell_type": "code",
   "execution_count": 10,
   "id": "db181538-5ca6-4061-b611-90d55872c0c9",
   "metadata": {},
   "outputs": [
    {
     "data": {
      "text/plain": [
       "array([[0.74268365, 0.92167856, 0.13040408, 0.86679364, 0.46027526,\n",
       "        0.02148618, 0.01092216, 0.73644906, 0.38292188, 0.11953025],\n",
       "       [0.74821918, 0.46407936, 0.4316067 , 0.97440094, 0.31824979,\n",
       "        0.69234698, 0.68935701, 0.09153286, 0.35153032, 0.81523392],\n",
       "       [0.66361391, 0.09719288, 0.51068547, 0.2423633 , 0.08455054,\n",
       "        0.7304363 , 0.25938755, 0.22700098, 0.58943311, 0.36990003],\n",
       "       [0.100257  , 0.49610813, 0.69469876, 0.9084428 , 0.79509509,\n",
       "        0.49850087, 0.16854185, 0.7041364 , 0.02403202, 0.3331478 ],\n",
       "       [0.47527635, 0.25392862, 0.10576694, 0.9501122 , 0.576686  ,\n",
       "        0.80467603, 0.69818907, 0.6194345 , 0.46450631, 0.99406795],\n",
       "       [0.76033768, 0.5606351 , 0.52714168, 0.87388849, 0.42052051,\n",
       "        0.51921645, 0.95957723, 0.98574477, 0.03711086, 0.70305359],\n",
       "       [0.33688557, 0.81527389, 0.90144017, 0.69240707, 0.01627315,\n",
       "        0.65809166, 0.96362288, 0.5362924 , 0.75683419, 0.33329384],\n",
       "       [0.65473164, 0.15096765, 0.65483121, 0.15715043, 0.89117451,\n",
       "        0.35914629, 0.48853299, 0.79749966, 0.30103098, 0.91586251],\n",
       "       [0.14430614, 0.9869728 , 0.43373511, 0.70005134, 0.76567199,\n",
       "        0.63728178, 0.6066176 , 0.2477586 , 0.83806993, 0.87166586],\n",
       "       [0.01532053, 0.61964555, 0.48522702, 0.27377984, 0.58697207,\n",
       "        0.01293182, 0.81438222, 0.2485234 , 0.54813617, 0.904969  ]])"
      ]
     },
     "execution_count": 10,
     "metadata": {},
     "output_type": "execute_result"
    }
   ],
   "source": [
    "tr_matrix = matrix.T\n",
    "tr_matrix"
   ]
  },
  {
   "cell_type": "code",
   "execution_count": 11,
   "id": "0e0cca7d-2e32-4082-b08a-ad0e12b788ed",
   "metadata": {},
   "outputs": [
    {
     "data": {
      "text/plain": [
       "array([[ 3.17646143e-01, -9.46489285e-02, -2.09958175e-02,\n",
       "         4.16635485e-01,  4.13034156e-02, -1.72463909e-02,\n",
       "        -2.66480838e-03,  1.36512324e-01,  2.56999684e-01,\n",
       "        -3.35411056e-02],\n",
       "       [ 1.36013822e+00, -9.06703044e-01, -2.81455670e-01,\n",
       "         8.95911198e-01,  1.41090396e+00, -3.59524821e-01,\n",
       "         2.62113843e+00, -2.58249510e-01,  2.71756673e-01,\n",
       "        -3.75391544e+00],\n",
       "       [-1.78829699e+00,  4.15249225e-01,  1.66044684e+00,\n",
       "        -1.97814756e-01, -9.52448842e-01,  4.17385962e-01,\n",
       "        -2.58770559e+00,  9.57935860e-01, -1.44829828e+00,\n",
       "         4.52354657e+00],\n",
       "       [-1.36665976e-01,  3.95791631e-01,  1.13147866e+00,\n",
       "         5.22527704e-01, -2.26570895e+00, -3.37981100e-02,\n",
       "        -5.27017765e-01,  8.28163816e-01, -2.19713352e-02,\n",
       "         1.10720032e+00],\n",
       "       [-8.50432998e-02, -4.47304845e-01, -1.04201736e-01,\n",
       "         9.18052446e-01,  6.90701138e-01, -2.54592643e-01,\n",
       "         8.76106726e-01,  9.50141116e-02,  6.51966656e-01,\n",
       "        -1.34069855e+00],\n",
       "       [-1.02371336e+00,  2.03045006e+00,  5.36036396e-01,\n",
       "        -1.17794159e+00, -2.55031082e+00,  5.72581245e-01,\n",
       "        -4.38065644e+00,  2.50867585e+00, -1.10508589e-01,\n",
       "         4.59538724e+00],\n",
       "       [ 5.65741521e-01, -2.70789118e+00, -1.39385322e+00,\n",
       "         4.90558153e-01,  1.12315993e-01, -2.73355438e-01,\n",
       "         6.40414897e+00, -1.31776531e+00,  1.94360078e+00,\n",
       "        -2.82350028e+00],\n",
       "       [ 1.79022384e+00, -5.54486298e-01, -1.37451061e+00,\n",
       "        -1.05360890e-02,  8.14664498e+00, -8.39799993e-02,\n",
       "         3.63432779e+00, -2.52010279e+00,  6.81012875e-01,\n",
       "        -8.70859370e+00],\n",
       "       [ 3.80898114e-02,  1.30999075e+00, -4.97890150e-01,\n",
       "        -9.46339485e-01,  1.25559094e+00,  1.04987374e+00,\n",
       "         5.93122033e-01, -1.75320961e-01, -4.83228404e-01,\n",
       "        -1.14388827e+00],\n",
       "       [-3.81199194e-02,  1.55955263e+00,  1.34494529e+00,\n",
       "         8.89469356e-02, -4.88899181e+00, -1.73435424e-02,\n",
       "        -5.63079934e+00,  7.45136608e-01, -7.41330067e-01,\n",
       "         8.57800321e+00]])"
      ]
     },
     "execution_count": 11,
     "metadata": {},
     "output_type": "execute_result"
    }
   ],
   "source": [
    "tr_matrix * t_matrix"
   ]
  },
  {
   "cell_type": "code",
   "execution_count": 12,
   "id": "99d702fb-e261-49b8-893f-c7399768572a",
   "metadata": {},
   "outputs": [
    {
     "data": {
      "text/html": [
       "<div>\n",
       "<style scoped>\n",
       "    .dataframe tbody tr th:only-of-type {\n",
       "        vertical-align: middle;\n",
       "    }\n",
       "\n",
       "    .dataframe tbody tr th {\n",
       "        vertical-align: top;\n",
       "    }\n",
       "\n",
       "    .dataframe thead th {\n",
       "        text-align: right;\n",
       "    }\n",
       "</style>\n",
       "<table border=\"1\" class=\"dataframe\">\n",
       "  <thead>\n",
       "    <tr style=\"text-align: right;\">\n",
       "      <th></th>\n",
       "      <th>A</th>\n",
       "      <th>B</th>\n",
       "      <th>C</th>\n",
       "      <th>D</th>\n",
       "      <th>E</th>\n",
       "      <th>F</th>\n",
       "      <th>G</th>\n",
       "      <th>H</th>\n",
       "      <th>I</th>\n",
       "      <th>J</th>\n",
       "    </tr>\n",
       "  </thead>\n",
       "  <tbody>\n",
       "    <tr>\n",
       "      <th>0</th>\n",
       "      <td>0.742684</td>\n",
       "      <td>0.921679</td>\n",
       "      <td>0.130404</td>\n",
       "      <td>0.866794</td>\n",
       "      <td>0.460275</td>\n",
       "      <td>0.021486</td>\n",
       "      <td>0.010922</td>\n",
       "      <td>0.736449</td>\n",
       "      <td>0.382922</td>\n",
       "      <td>0.119530</td>\n",
       "    </tr>\n",
       "    <tr>\n",
       "      <th>1</th>\n",
       "      <td>0.748219</td>\n",
       "      <td>0.464079</td>\n",
       "      <td>0.431607</td>\n",
       "      <td>0.974401</td>\n",
       "      <td>0.318250</td>\n",
       "      <td>0.692347</td>\n",
       "      <td>0.689357</td>\n",
       "      <td>0.091533</td>\n",
       "      <td>0.351530</td>\n",
       "      <td>0.815234</td>\n",
       "    </tr>\n",
       "    <tr>\n",
       "      <th>2</th>\n",
       "      <td>0.663614</td>\n",
       "      <td>0.097193</td>\n",
       "      <td>0.510685</td>\n",
       "      <td>0.242363</td>\n",
       "      <td>0.084551</td>\n",
       "      <td>0.730436</td>\n",
       "      <td>0.259388</td>\n",
       "      <td>0.227001</td>\n",
       "      <td>0.589433</td>\n",
       "      <td>0.369900</td>\n",
       "    </tr>\n",
       "    <tr>\n",
       "      <th>3</th>\n",
       "      <td>0.100257</td>\n",
       "      <td>0.496108</td>\n",
       "      <td>0.694699</td>\n",
       "      <td>0.908443</td>\n",
       "      <td>0.795095</td>\n",
       "      <td>0.498501</td>\n",
       "      <td>0.168542</td>\n",
       "      <td>0.704136</td>\n",
       "      <td>0.024032</td>\n",
       "      <td>0.333148</td>\n",
       "    </tr>\n",
       "    <tr>\n",
       "      <th>4</th>\n",
       "      <td>0.475276</td>\n",
       "      <td>0.253929</td>\n",
       "      <td>0.105767</td>\n",
       "      <td>0.950112</td>\n",
       "      <td>0.576686</td>\n",
       "      <td>0.804676</td>\n",
       "      <td>0.698189</td>\n",
       "      <td>0.619435</td>\n",
       "      <td>0.464506</td>\n",
       "      <td>0.994068</td>\n",
       "    </tr>\n",
       "    <tr>\n",
       "      <th>5</th>\n",
       "      <td>0.760338</td>\n",
       "      <td>0.560635</td>\n",
       "      <td>0.527142</td>\n",
       "      <td>0.873888</td>\n",
       "      <td>0.420521</td>\n",
       "      <td>0.519216</td>\n",
       "      <td>0.959577</td>\n",
       "      <td>0.985745</td>\n",
       "      <td>0.037111</td>\n",
       "      <td>0.703054</td>\n",
       "    </tr>\n",
       "    <tr>\n",
       "      <th>6</th>\n",
       "      <td>0.336886</td>\n",
       "      <td>0.815274</td>\n",
       "      <td>0.901440</td>\n",
       "      <td>0.692407</td>\n",
       "      <td>0.016273</td>\n",
       "      <td>0.658092</td>\n",
       "      <td>0.963623</td>\n",
       "      <td>0.536292</td>\n",
       "      <td>0.756834</td>\n",
       "      <td>0.333294</td>\n",
       "    </tr>\n",
       "    <tr>\n",
       "      <th>7</th>\n",
       "      <td>0.654732</td>\n",
       "      <td>0.150968</td>\n",
       "      <td>0.654831</td>\n",
       "      <td>0.157150</td>\n",
       "      <td>0.891175</td>\n",
       "      <td>0.359146</td>\n",
       "      <td>0.488533</td>\n",
       "      <td>0.797500</td>\n",
       "      <td>0.301031</td>\n",
       "      <td>0.915863</td>\n",
       "    </tr>\n",
       "    <tr>\n",
       "      <th>8</th>\n",
       "      <td>0.144306</td>\n",
       "      <td>0.986973</td>\n",
       "      <td>0.433735</td>\n",
       "      <td>0.700051</td>\n",
       "      <td>0.765672</td>\n",
       "      <td>0.637282</td>\n",
       "      <td>0.606618</td>\n",
       "      <td>0.247759</td>\n",
       "      <td>0.838070</td>\n",
       "      <td>0.871666</td>\n",
       "    </tr>\n",
       "    <tr>\n",
       "      <th>9</th>\n",
       "      <td>0.015321</td>\n",
       "      <td>0.619646</td>\n",
       "      <td>0.485227</td>\n",
       "      <td>0.273780</td>\n",
       "      <td>0.586972</td>\n",
       "      <td>0.012932</td>\n",
       "      <td>0.814382</td>\n",
       "      <td>0.248523</td>\n",
       "      <td>0.548136</td>\n",
       "      <td>0.904969</td>\n",
       "    </tr>\n",
       "  </tbody>\n",
       "</table>\n",
       "</div>"
      ],
      "text/plain": [
       "          A         B         C         D         E         F         G  \\\n",
       "0  0.742684  0.921679  0.130404  0.866794  0.460275  0.021486  0.010922   \n",
       "1  0.748219  0.464079  0.431607  0.974401  0.318250  0.692347  0.689357   \n",
       "2  0.663614  0.097193  0.510685  0.242363  0.084551  0.730436  0.259388   \n",
       "3  0.100257  0.496108  0.694699  0.908443  0.795095  0.498501  0.168542   \n",
       "4  0.475276  0.253929  0.105767  0.950112  0.576686  0.804676  0.698189   \n",
       "5  0.760338  0.560635  0.527142  0.873888  0.420521  0.519216  0.959577   \n",
       "6  0.336886  0.815274  0.901440  0.692407  0.016273  0.658092  0.963623   \n",
       "7  0.654732  0.150968  0.654831  0.157150  0.891175  0.359146  0.488533   \n",
       "8  0.144306  0.986973  0.433735  0.700051  0.765672  0.637282  0.606618   \n",
       "9  0.015321  0.619646  0.485227  0.273780  0.586972  0.012932  0.814382   \n",
       "\n",
       "          H         I         J  \n",
       "0  0.736449  0.382922  0.119530  \n",
       "1  0.091533  0.351530  0.815234  \n",
       "2  0.227001  0.589433  0.369900  \n",
       "3  0.704136  0.024032  0.333148  \n",
       "4  0.619435  0.464506  0.994068  \n",
       "5  0.985745  0.037111  0.703054  \n",
       "6  0.536292  0.756834  0.333294  \n",
       "7  0.797500  0.301031  0.915863  \n",
       "8  0.247759  0.838070  0.871666  \n",
       "9  0.248523  0.548136  0.904969  "
      ]
     },
     "execution_count": 12,
     "metadata": {},
     "output_type": "execute_result"
    }
   ],
   "source": [
    "df = pd.DataFrame(tr_matrix, columns=list('ABCDEFGHIJ'))\n",
    "df"
   ]
  },
  {
   "cell_type": "code",
   "execution_count": 15,
   "id": "37e1a24b-32f4-41d3-b418-c52f75358a45",
   "metadata": {},
   "outputs": [
    {
     "data": {
      "text/html": [
       "<div>\n",
       "<style scoped>\n",
       "    .dataframe tbody tr th:only-of-type {\n",
       "        vertical-align: middle;\n",
       "    }\n",
       "\n",
       "    .dataframe tbody tr th {\n",
       "        vertical-align: top;\n",
       "    }\n",
       "\n",
       "    .dataframe thead th {\n",
       "        text-align: right;\n",
       "    }\n",
       "</style>\n",
       "<table border=\"1\" class=\"dataframe\">\n",
       "  <thead>\n",
       "    <tr style=\"text-align: right;\">\n",
       "      <th></th>\n",
       "      <th>A</th>\n",
       "      <th>B</th>\n",
       "      <th>C</th>\n",
       "      <th>D</th>\n",
       "      <th>E</th>\n",
       "      <th>F</th>\n",
       "      <th>G</th>\n",
       "      <th>H</th>\n",
       "      <th>I</th>\n",
       "      <th>J</th>\n",
       "    </tr>\n",
       "  </thead>\n",
       "  <tbody>\n",
       "    <tr>\n",
       "      <th>0</th>\n",
       "      <td>0.742684</td>\n",
       "      <td>0.921679</td>\n",
       "      <td>0.130404</td>\n",
       "      <td>0.866794</td>\n",
       "      <td>0.460275</td>\n",
       "      <td>0.021486</td>\n",
       "      <td>0.010922</td>\n",
       "      <td>0.736449</td>\n",
       "      <td>0.382922</td>\n",
       "      <td>0.119530</td>\n",
       "    </tr>\n",
       "    <tr>\n",
       "      <th>1</th>\n",
       "      <td>0.748219</td>\n",
       "      <td>0.464079</td>\n",
       "      <td>0.431607</td>\n",
       "      <td>0.974401</td>\n",
       "      <td>0.318250</td>\n",
       "      <td>0.692347</td>\n",
       "      <td>0.689357</td>\n",
       "      <td>0.091533</td>\n",
       "      <td>0.351530</td>\n",
       "      <td>0.815234</td>\n",
       "    </tr>\n",
       "    <tr>\n",
       "      <th>2</th>\n",
       "      <td>0.663614</td>\n",
       "      <td>0.097193</td>\n",
       "      <td>0.510685</td>\n",
       "      <td>0.242363</td>\n",
       "      <td>0.084551</td>\n",
       "      <td>0.730436</td>\n",
       "      <td>0.259388</td>\n",
       "      <td>0.227001</td>\n",
       "      <td>0.589433</td>\n",
       "      <td>0.369900</td>\n",
       "    </tr>\n",
       "    <tr>\n",
       "      <th>3</th>\n",
       "      <td>0.100257</td>\n",
       "      <td>0.496108</td>\n",
       "      <td>0.694699</td>\n",
       "      <td>0.908443</td>\n",
       "      <td>0.795095</td>\n",
       "      <td>0.498501</td>\n",
       "      <td>0.168542</td>\n",
       "      <td>0.704136</td>\n",
       "      <td>0.024032</td>\n",
       "      <td>0.333148</td>\n",
       "    </tr>\n",
       "    <tr>\n",
       "      <th>4</th>\n",
       "      <td>0.475276</td>\n",
       "      <td>0.253929</td>\n",
       "      <td>0.105767</td>\n",
       "      <td>0.950112</td>\n",
       "      <td>0.576686</td>\n",
       "      <td>0.804676</td>\n",
       "      <td>0.698189</td>\n",
       "      <td>0.619435</td>\n",
       "      <td>0.464506</td>\n",
       "      <td>0.994068</td>\n",
       "    </tr>\n",
       "    <tr>\n",
       "      <th>5</th>\n",
       "      <td>0.760338</td>\n",
       "      <td>0.560635</td>\n",
       "      <td>0.527142</td>\n",
       "      <td>0.873888</td>\n",
       "      <td>0.420521</td>\n",
       "      <td>0.519216</td>\n",
       "      <td>0.959577</td>\n",
       "      <td>0.985745</td>\n",
       "      <td>0.037111</td>\n",
       "      <td>0.703054</td>\n",
       "    </tr>\n",
       "    <tr>\n",
       "      <th>6</th>\n",
       "      <td>0.336886</td>\n",
       "      <td>0.815274</td>\n",
       "      <td>0.901440</td>\n",
       "      <td>0.692407</td>\n",
       "      <td>0.016273</td>\n",
       "      <td>0.658092</td>\n",
       "      <td>0.963623</td>\n",
       "      <td>0.536292</td>\n",
       "      <td>0.756834</td>\n",
       "      <td>0.333294</td>\n",
       "    </tr>\n",
       "    <tr>\n",
       "      <th>7</th>\n",
       "      <td>0.654732</td>\n",
       "      <td>0.150968</td>\n",
       "      <td>0.654831</td>\n",
       "      <td>0.157150</td>\n",
       "      <td>0.891175</td>\n",
       "      <td>0.359146</td>\n",
       "      <td>0.488533</td>\n",
       "      <td>0.797500</td>\n",
       "      <td>0.301031</td>\n",
       "      <td>0.915863</td>\n",
       "    </tr>\n",
       "  </tbody>\n",
       "</table>\n",
       "</div>"
      ],
      "text/plain": [
       "          A         B         C         D         E         F         G  \\\n",
       "0  0.742684  0.921679  0.130404  0.866794  0.460275  0.021486  0.010922   \n",
       "1  0.748219  0.464079  0.431607  0.974401  0.318250  0.692347  0.689357   \n",
       "2  0.663614  0.097193  0.510685  0.242363  0.084551  0.730436  0.259388   \n",
       "3  0.100257  0.496108  0.694699  0.908443  0.795095  0.498501  0.168542   \n",
       "4  0.475276  0.253929  0.105767  0.950112  0.576686  0.804676  0.698189   \n",
       "5  0.760338  0.560635  0.527142  0.873888  0.420521  0.519216  0.959577   \n",
       "6  0.336886  0.815274  0.901440  0.692407  0.016273  0.658092  0.963623   \n",
       "7  0.654732  0.150968  0.654831  0.157150  0.891175  0.359146  0.488533   \n",
       "\n",
       "          H         I         J  \n",
       "0  0.736449  0.382922  0.119530  \n",
       "1  0.091533  0.351530  0.815234  \n",
       "2  0.227001  0.589433  0.369900  \n",
       "3  0.704136  0.024032  0.333148  \n",
       "4  0.619435  0.464506  0.994068  \n",
       "5  0.985745  0.037111  0.703054  \n",
       "6  0.536292  0.756834  0.333294  \n",
       "7  0.797500  0.301031  0.915863  "
      ]
     },
     "execution_count": 15,
     "metadata": {},
     "output_type": "execute_result"
    }
   ],
   "source": [
    "df_1 = df.iloc[:-2]\n",
    "df_1"
   ]
  },
  {
   "cell_type": "code",
   "execution_count": null,
   "id": "9a87ec3a-f05a-413f-a82b-f0d7c3b751d1",
   "metadata": {},
   "outputs": [],
   "source": [
    "Задание 2: Рассчитайте среднее значение и стандартное отклонение каждого\n",
    "признака для каждого вида в наборе данных Iris."
   ]
  },
  {
   "cell_type": "code",
   "execution_count": 13,
   "id": "4bdbe537-726f-4392-a22b-01efcda485fd",
   "metadata": {},
   "outputs": [],
   "source": [
    "import seaborn as sns"
   ]
  },
  {
   "cell_type": "code",
   "execution_count": 16,
   "id": "5442cbcf-b944-4ea2-8d93-126ed91344ce",
   "metadata": {},
   "outputs": [
    {
     "data": {
      "text/html": [
       "<div>\n",
       "<style scoped>\n",
       "    .dataframe tbody tr th:only-of-type {\n",
       "        vertical-align: middle;\n",
       "    }\n",
       "\n",
       "    .dataframe tbody tr th {\n",
       "        vertical-align: top;\n",
       "    }\n",
       "\n",
       "    .dataframe thead th {\n",
       "        text-align: right;\n",
       "    }\n",
       "</style>\n",
       "<table border=\"1\" class=\"dataframe\">\n",
       "  <thead>\n",
       "    <tr style=\"text-align: right;\">\n",
       "      <th></th>\n",
       "      <th>sepal_length</th>\n",
       "      <th>sepal_width</th>\n",
       "      <th>petal_length</th>\n",
       "      <th>petal_width</th>\n",
       "      <th>species</th>\n",
       "    </tr>\n",
       "  </thead>\n",
       "  <tbody>\n",
       "    <tr>\n",
       "      <th>0</th>\n",
       "      <td>5.1</td>\n",
       "      <td>3.5</td>\n",
       "      <td>1.4</td>\n",
       "      <td>0.2</td>\n",
       "      <td>setosa</td>\n",
       "    </tr>\n",
       "    <tr>\n",
       "      <th>1</th>\n",
       "      <td>4.9</td>\n",
       "      <td>3.0</td>\n",
       "      <td>1.4</td>\n",
       "      <td>0.2</td>\n",
       "      <td>setosa</td>\n",
       "    </tr>\n",
       "    <tr>\n",
       "      <th>2</th>\n",
       "      <td>4.7</td>\n",
       "      <td>3.2</td>\n",
       "      <td>1.3</td>\n",
       "      <td>0.2</td>\n",
       "      <td>setosa</td>\n",
       "    </tr>\n",
       "    <tr>\n",
       "      <th>3</th>\n",
       "      <td>4.6</td>\n",
       "      <td>3.1</td>\n",
       "      <td>1.5</td>\n",
       "      <td>0.2</td>\n",
       "      <td>setosa</td>\n",
       "    </tr>\n",
       "    <tr>\n",
       "      <th>4</th>\n",
       "      <td>5.0</td>\n",
       "      <td>3.6</td>\n",
       "      <td>1.4</td>\n",
       "      <td>0.2</td>\n",
       "      <td>setosa</td>\n",
       "    </tr>\n",
       "    <tr>\n",
       "      <th>...</th>\n",
       "      <td>...</td>\n",
       "      <td>...</td>\n",
       "      <td>...</td>\n",
       "      <td>...</td>\n",
       "      <td>...</td>\n",
       "    </tr>\n",
       "    <tr>\n",
       "      <th>145</th>\n",
       "      <td>6.7</td>\n",
       "      <td>3.0</td>\n",
       "      <td>5.2</td>\n",
       "      <td>2.3</td>\n",
       "      <td>virginica</td>\n",
       "    </tr>\n",
       "    <tr>\n",
       "      <th>146</th>\n",
       "      <td>6.3</td>\n",
       "      <td>2.5</td>\n",
       "      <td>5.0</td>\n",
       "      <td>1.9</td>\n",
       "      <td>virginica</td>\n",
       "    </tr>\n",
       "    <tr>\n",
       "      <th>147</th>\n",
       "      <td>6.5</td>\n",
       "      <td>3.0</td>\n",
       "      <td>5.2</td>\n",
       "      <td>2.0</td>\n",
       "      <td>virginica</td>\n",
       "    </tr>\n",
       "    <tr>\n",
       "      <th>148</th>\n",
       "      <td>6.2</td>\n",
       "      <td>3.4</td>\n",
       "      <td>5.4</td>\n",
       "      <td>2.3</td>\n",
       "      <td>virginica</td>\n",
       "    </tr>\n",
       "    <tr>\n",
       "      <th>149</th>\n",
       "      <td>5.9</td>\n",
       "      <td>3.0</td>\n",
       "      <td>5.1</td>\n",
       "      <td>1.8</td>\n",
       "      <td>virginica</td>\n",
       "    </tr>\n",
       "  </tbody>\n",
       "</table>\n",
       "<p>150 rows × 5 columns</p>\n",
       "</div>"
      ],
      "text/plain": [
       "     sepal_length  sepal_width  petal_length  petal_width    species\n",
       "0             5.1          3.5           1.4          0.2     setosa\n",
       "1             4.9          3.0           1.4          0.2     setosa\n",
       "2             4.7          3.2           1.3          0.2     setosa\n",
       "3             4.6          3.1           1.5          0.2     setosa\n",
       "4             5.0          3.6           1.4          0.2     setosa\n",
       "..            ...          ...           ...          ...        ...\n",
       "145           6.7          3.0           5.2          2.3  virginica\n",
       "146           6.3          2.5           5.0          1.9  virginica\n",
       "147           6.5          3.0           5.2          2.0  virginica\n",
       "148           6.2          3.4           5.4          2.3  virginica\n",
       "149           5.9          3.0           5.1          1.8  virginica\n",
       "\n",
       "[150 rows x 5 columns]"
      ]
     },
     "metadata": {},
     "output_type": "display_data"
    },
    {
     "data": {
      "text/html": [
       "<div>\n",
       "<style scoped>\n",
       "    .dataframe tbody tr th:only-of-type {\n",
       "        vertical-align: middle;\n",
       "    }\n",
       "\n",
       "    .dataframe tbody tr th {\n",
       "        vertical-align: top;\n",
       "    }\n",
       "\n",
       "    .dataframe thead tr th {\n",
       "        text-align: left;\n",
       "    }\n",
       "\n",
       "    .dataframe thead tr:last-of-type th {\n",
       "        text-align: right;\n",
       "    }\n",
       "</style>\n",
       "<table border=\"1\" class=\"dataframe\">\n",
       "  <thead>\n",
       "    <tr>\n",
       "      <th></th>\n",
       "      <th colspan=\"2\" halign=\"left\">sepal_length</th>\n",
       "      <th colspan=\"2\" halign=\"left\">sepal_width</th>\n",
       "      <th colspan=\"2\" halign=\"left\">petal_length</th>\n",
       "      <th colspan=\"2\" halign=\"left\">petal_width</th>\n",
       "    </tr>\n",
       "    <tr>\n",
       "      <th></th>\n",
       "      <th>mean</th>\n",
       "      <th>std</th>\n",
       "      <th>mean</th>\n",
       "      <th>std</th>\n",
       "      <th>mean</th>\n",
       "      <th>std</th>\n",
       "      <th>mean</th>\n",
       "      <th>std</th>\n",
       "    </tr>\n",
       "    <tr>\n",
       "      <th>species</th>\n",
       "      <th></th>\n",
       "      <th></th>\n",
       "      <th></th>\n",
       "      <th></th>\n",
       "      <th></th>\n",
       "      <th></th>\n",
       "      <th></th>\n",
       "      <th></th>\n",
       "    </tr>\n",
       "  </thead>\n",
       "  <tbody>\n",
       "    <tr>\n",
       "      <th>setosa</th>\n",
       "      <td>5.006</td>\n",
       "      <td>0.352490</td>\n",
       "      <td>3.428</td>\n",
       "      <td>0.379064</td>\n",
       "      <td>1.462</td>\n",
       "      <td>0.173664</td>\n",
       "      <td>0.246</td>\n",
       "      <td>0.105386</td>\n",
       "    </tr>\n",
       "    <tr>\n",
       "      <th>versicolor</th>\n",
       "      <td>5.936</td>\n",
       "      <td>0.516171</td>\n",
       "      <td>2.770</td>\n",
       "      <td>0.313798</td>\n",
       "      <td>4.260</td>\n",
       "      <td>0.469911</td>\n",
       "      <td>1.326</td>\n",
       "      <td>0.197753</td>\n",
       "    </tr>\n",
       "    <tr>\n",
       "      <th>virginica</th>\n",
       "      <td>6.588</td>\n",
       "      <td>0.635880</td>\n",
       "      <td>2.974</td>\n",
       "      <td>0.322497</td>\n",
       "      <td>5.552</td>\n",
       "      <td>0.551895</td>\n",
       "      <td>2.026</td>\n",
       "      <td>0.274650</td>\n",
       "    </tr>\n",
       "  </tbody>\n",
       "</table>\n",
       "</div>"
      ],
      "text/plain": [
       "           sepal_length           sepal_width           petal_length  \\\n",
       "                   mean       std        mean       std         mean   \n",
       "species                                                                \n",
       "setosa            5.006  0.352490       3.428  0.379064        1.462   \n",
       "versicolor        5.936  0.516171       2.770  0.313798        4.260   \n",
       "virginica         6.588  0.635880       2.974  0.322497        5.552   \n",
       "\n",
       "                     petal_width            \n",
       "                 std        mean       std  \n",
       "species                                     \n",
       "setosa      0.173664       0.246  0.105386  \n",
       "versicolor  0.469911       1.326  0.197753  \n",
       "virginica   0.551895       2.026  0.274650  "
      ]
     },
     "execution_count": 16,
     "metadata": {},
     "output_type": "execute_result"
    }
   ],
   "source": [
    "iris = sns.load_dataset('iris')\n",
    "display(iris)\n",
    "\n",
    "iris.groupby('species').agg(['mean', 'std'])"
   ]
  },
  {
   "cell_type": "code",
   "execution_count": null,
   "id": "5d1649be-5ca4-4413-b20b-142f09ebcae0",
   "metadata": {},
   "outputs": [],
   "source": [
    "Задача 3: Рассчитайте среднюю сумму чаевых для каждой комбинации дня и\n",
    "времени (обед/ужин) в наборе данных Tips."
   ]
  },
  {
   "cell_type": "code",
   "execution_count": 18,
   "id": "382da905-c3a4-49c8-b702-22af46320aa4",
   "metadata": {},
   "outputs": [
    {
     "data": {
      "text/html": [
       "<div>\n",
       "<style scoped>\n",
       "    .dataframe tbody tr th:only-of-type {\n",
       "        vertical-align: middle;\n",
       "    }\n",
       "\n",
       "    .dataframe tbody tr th {\n",
       "        vertical-align: top;\n",
       "    }\n",
       "\n",
       "    .dataframe thead th {\n",
       "        text-align: right;\n",
       "    }\n",
       "</style>\n",
       "<table border=\"1\" class=\"dataframe\">\n",
       "  <thead>\n",
       "    <tr style=\"text-align: right;\">\n",
       "      <th></th>\n",
       "      <th>total_bill</th>\n",
       "      <th>tip</th>\n",
       "      <th>sex</th>\n",
       "      <th>smoker</th>\n",
       "      <th>day</th>\n",
       "      <th>time</th>\n",
       "      <th>size</th>\n",
       "    </tr>\n",
       "  </thead>\n",
       "  <tbody>\n",
       "    <tr>\n",
       "      <th>0</th>\n",
       "      <td>16.99</td>\n",
       "      <td>1.01</td>\n",
       "      <td>Female</td>\n",
       "      <td>No</td>\n",
       "      <td>Sun</td>\n",
       "      <td>Dinner</td>\n",
       "      <td>2</td>\n",
       "    </tr>\n",
       "    <tr>\n",
       "      <th>1</th>\n",
       "      <td>10.34</td>\n",
       "      <td>1.66</td>\n",
       "      <td>Male</td>\n",
       "      <td>No</td>\n",
       "      <td>Sun</td>\n",
       "      <td>Dinner</td>\n",
       "      <td>3</td>\n",
